SP5
50 30 10
1 2 7 14 15 18 20 27 34 46 
10 18 20 28 32 33 
8 20 21 23 25 
3 7 15 21 23 25 28 
9 20 24 34 
1 2 13 14 19 32 37 46 
5 10 25 38 
12 24 36 38 44 47 
11 12 16 17 21 33 36 38 45 46 
2 19 21 23 27 31 33 34 46 
9 11 16 20 24 37 38 42 
11 15 25 30 36 41 
1 2 5 10 24 26 
3 5 6 8 15 19 26 30 49 
10 11 14 16 
1 8 12 14 21 25 33 42 50 
20 24 27 37 41 42 
6 15 16 23 43 
11 19 21 27 39 40 
6 11 12 18 40 
3 16 17 22 28 33 37 
1 5 7 11 12 18 26 31 32 
8 11 17 19 35 38 40 47 
4 9 30 32 34 37 43 46 49 50 
8 12 13 23 27 38 44 46 
1 3 26 32 44 
2 6 29 35 50 
3 12 15 22 24 28 30 37 45 50 
20 30 40 42 47 48 
17 30 47 
